001870 939
004643 2332
001038 531
002007 1008
001428 711
003424 1710
005152 2566
001486 744
003720 1866
001092 558
003451 1724
000539 266
000009 3
006129 3061
007368 3666
006831 3409
006963 3473
003326 1660
006998 3493
002691 1352
004043 2046
005778 2893
004805 2401
000410 201
002777 1388
000701 353
003791 1908
000353 184
003157 1576
007001 3494
001169 588
000007 2
003227 1610
005697 2849
004575 2296
003377 1688
004749 2370
004197 2114
000034 17
002409 1206
006184 3095
004712 2359
007428 3689
006404 3215
004856 2427
007239 3606
001020 520
004347 2185
000563 277
000096 54
004524 2271
006949 3467
006134 3064
006264 3145
005732 2865
004247 2141
000860 438
004054 2053
005520 2756
004099 2076
004775 2384
001930 970
000115 67
005154 2567
001748 877
005356 2662
002989 1495
002063 1031
001227 614
004292 2162
005270 2623
007306 3634
004774 2383
005243 2606