003597 1805
006352 3189
003392 1700
003663 1836
006730 3368
006480 3248
006859 3421
000123 71
000744 377
004884 2441
001126 572
006743 3374
001278 629
007281 3623
002647 1325
000608 305
006019 3017
003680 1845
004046 2048
004736 2367
002144 1069
006211 3110
002302 1153
000747 378
003039 1517
005490 2734
002708 1360
003045 1521
003345 1673
001040 532
007305 3633
000652 325
006262 3144
000688 347
005671 2833
005527 2761
006717 3361
000044 22
002096 1047
007077 3526
006189 3097
003451 1724
004707 2358
005646 2820
001166 586
002148 1073
002328 1167
006775 3384
007257 3615
003454 1726
001829 918
000775 390
006894 3438
000313 167
006552 3281
000565 278
000726 368
004037 2044
006101 3049
002770 1384
002090 1044
005488 2733
006159 3080
007041 3510
007116 3545
005719 2858
002972 1487
005529 2762
004911 2453
001623 811
004390 2208
002956 1481
003166 1581
004240 2138