000950 486
000547 269
005941 2976
004971 2481
004969 2479
003845 1939
000282 151
005509 2749
003132 1565
002926 1464
007175 3574
006902 3440
000046 24
000845 430
002668 1339
006918 3448
003541 1770
004951 2470
003079 1536
005351 2657
002489 1249
004639 2329
007066 3522
006207 3108
005971 2993
000245 134
007160 3569
000689 348
005428 2707
002998 1499
006179 3091
002156 1078
002409 1206
004273 2155
001229 615
001044 534
003227 1610
005131 2557
001821 915
001850 933
001494 749
000693 350
004621 2321
005258 2615
005524 2759
003567 1784
004114 2081
006584 3295
004170 2100
006135 3065
002309 1155
001312 647
001227 614
004560 2289
001695 853
005152 2566
000898 459
006172 3087
001321 653
005775 2891
002954 1480
004545 2281
005202 2584
001201 601
005789 2898
004030 2041
004355 2188
003955 2000
003416 1706
003721 1867
000596 296
006449 3233
001468 733
003844 1938
